%AWP

PerDay = 3100; %m^3/day
ResStat = (2.43+2.6+2.82+2.85+1.57+0.8+0.32+0.45+1.54+1.47+1.96+1.42+0.79+...
    0.32+0.11+0.04+0.02+0.01+0.05+0.49+0.63+1.08+1.01+0.63+0.29+0.1+0.05+0.02...
    +0.09+0.21+0.45+0.56+0.42+0.21+0.07+0.02+0.02+0.02+0.08+0.12+0.26+0.27+0.19...
    +0.07+0.02+0.01+0.03+0.03+0.11+0.15+0.13+0.07+0.02+0.02+0.07+0.05+0.05+0.02);
AWPCalc = 3100*ResStat*0.05*0.1*365